-1.962348103523254395e+00 -1.076462030410766602e+00
-6.682845354080200195e-01 1.827945113182067871e+00
2.221582680940628052e-01 8.889109492301940918e-01
-5.376185178756713867e-01 1.453161686658859253e-01
-1.310530066490173340e+00 6.758327484130859375e-01
1.050637245178222656e+00 -1.648441553115844727e-01
-1.376380175352096558e-01 -1.645376563072204590e+00
8.381342291831970215e-01 2.198783494532108307e-02
-4.940083622932434082e-01 1.287239432334899902e+00
2.064424455165863037e-01 -1.193382143974304199e+00
5.131383538246154785e-01 1.268612265586853027e+00
9.541350603103637695e-01 -1.491542339324951172e+00
1.852371692657470703e+00 9.208514690399169922e-01
8.681564331054687500e-01 3.726786747574806213e-02
-8.544667363166809082e-01 7.660998106002807617e-01
-1.552903652191162109e+00 7.708989828824996948e-02
-5.741512179374694824e-01 -3.183515071868896484e-01
1.286433339118957520e+00 5.136937499046325684e-01
-3.512915670871734619e-01 5.252257585525512695e-01
-1.010429382324218750e+00 1.906862258911132812e+00
-2.024758815765380859e+00 -1.062758207321166992e+00
-3.520928323268890381e-01 7.053433656692504883e-01
2.085093259811401367e-01 8.839738368988037109e-01
9.121339917182922363e-01 7.051100730895996094e-01
-3.123342096805572510e-01 -1.786197185516357422e+00
1.855995357036590576e-01 2.240705043077468872e-01
8.883707225322723389e-03 -1.775722265243530273e+00
-1.116351842880249023e+00 -2.102658748626708984e+00
1.225389838218688965e-01 9.421394467353820801e-01
1.490591287612915039e+00 -6.422758698463439941e-01
-7.770955562591552734e-01 -7.492143511772155762e-01
1.673603892326354980e+00 5.746632218360900879e-01
-5.793544650077819824e-01 6.563920974731445312e-01
-1.335767269134521484e+00 -1.361654996871948242e+00
4.473718404769897461e-01 1.259007096290588379e+00
2.027837514877319336e+00 3.264460861682891846e-01
-1.550727963447570801e+00 -1.299620509147644043e+00
-1.306719541549682617e+00 6.887611746788024902e-02
1.830826997756958008e+00 6.290675401687622070e-01
7.052909135818481445e-01 6.821642816066741943e-02
-3.580508530139923096e-01 -6.039231419563293457e-01
2.974400222301483154e-01 1.884353905916213989e-01
-2.192621380090713501e-01 2.507188320159912109e-01
8.803640007972717285e-01 -4.935934841632843018e-01
-6.116170883178710938e-01 1.067473590373992920e-01
1.887628883123397827e-01 -3.476770222187042236e-01
2.869288325309753418e-01 1.620732545852661133e+00
9.277269244194030762e-01 -4.801875650882720947e-01
1.178546715527772903e-02 -1.477433323860168457e+00
