1.381703570513496571e+00 -1.392038081364022961e+00
-4.163914701759450776e-01 1.596048865444198439e-01
-5.521939815653559291e-01 -4.663139383598707832e-01
-8.225546241112327017e-01 -6.191086637704518170e-01
1.970236272457951410e-01 -9.584074432166118651e-01
-9.815868366258350131e-01 1.529623335046169652e+00
1.961866699913569434e+00 3.067933417777837790e-01
-1.312137098926436929e+00 1.010821898948652597e+00
-6.210172235824948928e-01 -1.232870076486469957e+00
9.805658261365653994e-01 1.246269937522841209e+00
-1.043113248737799648e+00 -3.839293682625366522e-01
1.134011731241864274e+00 2.606338375049340517e+00
-2.219505846414524808e-01 -9.265101051729118797e-01
-1.235418211080620665e+00 9.588444745704761685e-01
-4.543438106380322528e-01 -1.756424523479460209e+00
2.879744696951497263e-01 -9.848087859832622970e-02
9.829108841815743791e-02 -1.072455850545716904e+00
-5.167990980231039755e-01 3.115905028199453253e-01
-8.047069291247059830e-01 -6.015145587154655527e-01
2.288912929974639410e-01 -1.989140577939470800e-01
1.423105462498392093e+00 -1.275857476316035299e+00
-8.583718437007056279e-01 -9.500672677842630920e-01
-6.073448542447887899e-01 -4.579676675104096817e-01
-2.955254907988488222e-01 -4.662699651864565809e-02
2.019718697992543444e+00 3.365482881863322562e-01
-9.906396349423870484e-01 3.668383109493728589e-01
2.613702051771412016e+00 1.472392963692096712e+00
1.026234363820379247e+00 7.216771394624460489e-01
-1.012247225459614208e+00 -7.482862632419852167e-01
-4.056465636136134534e-01 1.920305795250197622e+00
7.759464894792016398e-01 -8.249062393585377961e-01
-5.962571243998048276e-01 1.577973909975534383e-01
-4.524995542493919776e-01 -9.616015566648487001e-01
1.757993360493163015e+00 -9.233829298005583608e-01
-8.053521115324655533e-01 -2.243931624814216597e-01
2.025045399027983750e-01 7.334033303625742128e-01
1.756112040812022768e+00 -1.702002930438498485e+00
-6.858126929129521043e-01 5.482608437237485033e-01
5.226191088343152061e-03 -3.349488610105603725e-01
-1.018222963066805820e+00 8.042456786057831097e-01
5.467160118033799199e-01 -2.480563016271720711e-01
-1.262296741817007462e+00 2.912017537449057558e-01
-5.906557420303385486e-01 -1.998423622733338789e-01
-4.864212581742812791e-01 1.864834464817952231e+00
-4.251325734927858258e-01 -5.930650750560776396e-01
-1.701191431533644050e-01 5.076824610358978696e-01
-9.715165468204983723e-02 -1.080557792680663987e+00
-4.033638943582271152e-01 1.524636983723552053e+00
1.747686668038749946e+00 8.988182716967609842e-01
